0 0.97705078125 0.5595703125 0.0361328125 0.107421875 0 0 0 0 0 0 0 0 0 0 0 0 0 0 0
0 0.896484375 0.5654296875 0.046875 0.115234375 0.889970703125 0.55334375 0 0.912767578125 0.55334375 0 0.9037216796875 0.577951171875 0 0.8917802734375 0.5909765625 0 0.910234375 0.591701171875 0
0 0.92529296875 0.53125 0.0341796875 0.10546875 0.925140625 0.518859375 2 0.9345400390625 0.51281640625 2 0.9419248046875 0.5302734375 2 0.9318544921875 0.554443359375 2 0.9372255859375 0.5504140625 2
0 0.8251953125 0.4736328125 0.052734375 0.123046875 0.8173349609375 0.4503515625 0 0.842943359375 0.45578515625 0 0.83285546875 0.474408203125 0 0.81655859375 0.495361328125 0 0.838287109375 0.4992421875 0
0 0.68408203125 0.4599609375 0.0634765625 0.138671875 0.677490234375 0.4302109375 0 0.705828125 0.440673828125 0 0.6910048828125 0.465087890625 0 0.6722587890625 0.480783203125 0 0.70016015625 0.4921171875 0
0 0.54150390625 0.4423828125 0.0615234375 0.138671875 0.528755859375 0.422224609375 0 0.554478515625 0.415248046875 0 0.54706640625 0.445765625 0 0.5335517578125 0.47715625 0 0.55709375 0.46669140625 0
0 0.533203125 0.734375 0.080078125 0.15234375 0.5362724609375 0.693986328125 2 0.561052734375 0.725341796875 2 0.544869140625 0.750626953125 2 0.519078125 0.740513671875 2 0.5413291015625 0.770857421875 2
0 0.4326171875 0.8251953125 0.0546875 0.154296875 0.43115234375 0.80078125 0 0.45458984375 0.798828125 0 0.453125 0.826171875 2 0.4443359375 0.8623046875 2 0.45751953125 0.8623046875 2
0 0.34765625 0.44140625 0.0625 0.171875 0.340140625 0.415666015625 0 0.36933203125 0.421072265625 0 0.3585205078125 0.450265625 0 0.334734375 0.471888671875 0 0.3633857421875 0.47945703125 0
0 0.26611328125 0.4091796875 0.0693359375 0.193359375 0.26089453125 0.37766796875 0 0.29180078125 0.384939453125 0 0.27846875 0.4261484375 0 0.2572587890625 0.444328125 0 0.2839228515625 0.452810546875 0
0 0.18408203125 0.3056640625 0.0732421875 0.177734375 0.1847099609375 0.27008984375 0 0.212611328125 0.28571484375 0 0.1997763671875 0.32477734375 0 0.171875 0.33258984375 0 0.1997763671875 0.349330078125 0