0 0.8857421875 0.6236979166666666 0.052734375 0.0546875 0.888671875 0.61328125 2 0.8935546875 0.6106770833333334 2 0.8759765625 0.6171875 0 0.869140625 0.6302083333333334 2 0.8779296875 0.6263020833333334 2
0 0.640625 0.5735677083333334 0.01953125 0.03515625 0.6346787109375 0.5678359375 2 0.6427958984375 0.5704869791666667 2 0.6373291015625 0.57380078125 2 0.6331875 0.5797643229166667 2 0.639482421875 0.5821940104166666 2
0 0.5771484375 0.63671875 0.025390625 0.044270833333333336 0.5673828125 0.63671875 0 0.58203125 0.64453125 0 0.5693359375 0.6458333333333334 0 0.568359375 0.6510416666666666 2 0.576171875 0.6536458333333334 0
0 0.48779296875 0.5481770833333334 0.0107421875 0.015625 0 0 0 0 0 0 0 0 0 0 0 0 0 0 0
0 0.029296875 0.4993489583333333 0.01171875 0.01953125 0 0 0 0 0 0 0 0 0 0 0 0 0 0 0
0 0.24072265625 0.5638020833333334 0.0107421875 0.0234375 0 0 0 0 0 0 0 0 0 0 0 0 0 0 0
0 0.248046875 0.541015625 0.009765625 0.016927083333333332 0.2468134765625 0.5381666666666667 2 0.2507890625 0.5384986979166667 2 0.2483037109375 0.5420325520833333 2 0.2468134765625 0.5441315104166666 2 0.249794921875 0.5441315104166666 2
0 0.24560546875 0.5032552083333334 0.0107421875 0.01953125 0 0 0 0 0 0 0 0 0 0 0 0 0 0 0
0 0.3974609375 0.5611979166666666 0.015625 0.03125 0.3941953125 0.5564778645833334 2 0.402587890625 0.5572916666666666 2 0.3996884765625 0.5623776041666667 2 0.3960263671875 0.5684817708333333 2 0.40121484375 0.5688880208333333 2
0 0.3408203125 0.5709635416666666 0.015625 0.029947916666666668 0 0 0 0 0 0 0 0 0 0 0 0 0 0 0
0 0.27880859375 0.5572916666666666 0.0107421875 0.0234375 0 0 0 0 0 0 0 0 0 0 0 0 0 0 0
0 0.41748046875 0.5592447916666666 0.0126953125 0.024739583333333332 0 0 0 0 0 0 0 0 0 0 0 0 0 0 0
0 0.37646484375 0.5559895833333334 0.0126953125 0.020833333333333332 0 0 0 0 0 0 0 0 0 0 0 0 0 0 0
0 0.32080078125 0.5423177083333334 0.0126953125 0.01953125 0 0 0 0 0 0 0 0 0 0 0 0 0 0 0
0 0.33349609375 0.537109375 0.0087890625 0.01953125 0 0 0 0 0 0 0 0 0 0 0 0 0 0 0
0 0.283203125 0.5338541666666666 0.0078125 0.015625 0 0 0 0 0 0 0 0 0 0 0 0 0 0 0
0 0.306640625 0.5364583333333334 0.005859375 0.013020833333333334 0 0 0 0 0 0 0 0 0 0 0 0 0 0 0
0 0.46875 0.5130208333333334 0.005859375 0.013020833333333334 0 0 0 0 0 0 0 0 0 0 0 0 0 0 0
0 0.41650390625 0.5045572916666666 0.0048828125 0.009114583333333334 0 0 0 0 0 0 0 0 0 0 0 0 0 0 0
0 0.63623046875 0.5026041666666666 0.0068359375 0.013020833333333334 0 0 0 0 0 0 0 0 0 0 0 0 0 0 0
0 0.6533203125 0.5071614583333334 0.005859375 0.01171875 0 0 0 0 0 0 0 0 0 0 0 0 0 0 0
0 0.1806640625 0.5299479166666666 0.005859375 0.010416666666666666 0 0 0 0 0 0 0 0 0 0 0 0 0 0 0